0   125    0.988212
1   125.571    0.98821
2   126.142    0.988206
3   126.713    0.988201
4   127.283    0.988194
5   127.854    0.988185
6   128.425    0.988172
7   128.996    0.988157
8   129.566    0.988137
9   130.137    0.988113
10   130.708    0.988084
11   131.278    0.98805
12   131.849    0.988009
13   132.419    0.987961
14   132.99    0.987906
15   133.56    0.987842
16   134.13    0.98777
17   134.701    0.987687
18   135.271    0.987594
19   135.841    0.98749
20   136.411    0.987373
21   136.98    0.987242
22   137.55    0.987098
23   138.12    0.986939
24   138.689    0.986764
25   139.258    0.986571
26   139.827    0.986361
27   140.396    0.986131
28   140.965    0.985881
29   141.533    0.985609
30   142.101    0.985314
31   142.669    0.984995
32   143.237    0.98465
33   143.804    0.984278
34   144.371    0.983878
35   144.938    0.983447
36   145.505    0.982985
37   146.071    0.982489
38   146.636    0.981957
39   147.201    0.981388
40   147.766    0.980781
41   148.33    0.980132
42   148.894    0.97944
43   149.457    0.978703
44   150.02    0.977919
45   150.582    0.977085
46   151.143    0.9762
47   151.704    0.97526
48   152.263    0.974265
49   152.822    0.973211
50   153.381    0.972097
51   153.938    0.970919
52   154.494    0.969675
53   155.049    0.968364
54   155.603    0.966981
55   156.157    0.965526
56   156.708    0.963995
57   157.259    0.962386
58   157.808    0.960696
59   158.356    0.958923
60   158.903    0.957065
61   159.448    0.955118
62   159.991    0.95308
63   160.532    0.95095
64   161.072    0.948723
65   161.61    0.946399
66   162.146    0.943974
67   162.68    0.941446
68   163.212    0.938813
69   163.741    0.936074
70   164.268    0.933225
71   164.793    0.930265
72   165.315    0.927193
73   165.834    0.924006
74   166.351    0.920702
75   166.865    0.917282
76   167.375    0.913743
77   167.883    0.910085
78   168.387    0.906306
79   168.888    0.902405
80   169.385    0.898384
81   169.878    0.894241
82   170.368    0.889976
83   170.854    0.88559
84   171.335    0.881083
85   171.813    0.876457
86   172.286    0.871711
87   172.754    0.866849
88   173.218    0.861872
89   173.676    0.856781
90   174.13    0.851579
91   174.579    0.84627
92   175.022    0.840857
93   175.46    0.835343
94   175.892    0.829732
95   176.318    0.824029
96   176.739    0.818239
97   177.153    0.812367
98   177.561    0.80642
99   177.962    0.800404
100   178.357    0.794325
101   178.745    0.788192
102   179.126    0.782013
103   179.5    0.775795
104   179.866    0.769548
105   180.225    0.763282
106   180.577    0.757006
107   180.921    0.750732
108   181.257    0.744471
109   181.584    0.738234
110   181.904    0.732035
111   182.215    0.725885
112   182.517    0.719798
113   182.811    0.713788
114   183.096    0.707869
115   183.373    0.702057
116   183.64    0.696365
117   183.898    0.69081
118   184.146    0.685407
119   184.385    0.680171
120   184.614    0.67512
121   184.834    0.670269
122   185.044    0.665635
123   185.244    0.661232
124   185.434    0.657079
125   185.614    0.653189
126   185.784    0.649578
127   185.943    0.646262
128   186.093    0.643253
129   186.231    0.640566
130   186.36    0.638214
131   186.477    0.636207
132   186.585    0.634557
133   186.681    0.633274
134   186.767    0.632365
135   186.842    0.631837
136   186.907    0.631697
137   186.96    0.631948
138   187.003    0.632593
139   187.036    0.633634
140   187.057    0.63507
141   187.068    0.6369
142   187.068    0.63912
143   187.058    0.641726
144   187.036    0.644713
145   187.004    0.648073
146   186.962    0.651797
147   186.909    0.655877
148   186.845    0.660302
149   186.771    0.66506
150   186.687    0.67014
151   186.592    0.675529
152   186.487    0.681213
153   186.372    0.687179
154   186.247    0.693413
155   186.112    0.6999
156   185.967    0.706625
157   185.812    0.713574
158   185.648    0.720732
159   185.474    0.728085
160   185.291    0.735618
161   185.099    0.743317
162   184.897    0.751167
163   184.686    0.759155
164   184.466    0.767268
165   184.238    0.775492
166   184.001    0.783816
167   183.755    0.792225
168   183.501    0.80071
169   183.239    0.809259
170   182.969    0.81786
171   182.691    0.826504
172   182.405    0.83518
173   182.112    0.84388
174   181.811    0.852594
175   181.503    0.861313
176   181.188    0.870031
177   180.866    0.87874
178   180.536    0.887432
179   180.201    0.896101
180   179.859    0.904741
181   179.51    0.913347
182   179.155    0.921913
183   178.795    0.930434
184   178.428    0.938906
185   178.056    0.947326
186   177.678    0.955689
187   177.294    0.963992
188   176.906    0.972233
189   176.512    0.980408
190   176.114    0.988516
191   175.71    0.996555
192   175.302    1.00452
193   174.889    1.01242
194   174.472    1.02024
195   174.051    1.02799
196   173.626    1.03566
197   173.197    1.04326
198   172.764    1.05078
199   172.327    1.05823
200   171.886    1.06561
201   171.443    1.07291
202   170.995    1.08013
203   170.545    1.08728
204   170.092    1.09436
205   169.635    1.10137
206   169.176    1.10831
207   168.714    1.11518
208   168.249    1.12199
209   167.782    1.12872
210   167.312    1.1354
211   166.84    1.14201
212   166.366    1.14856
213   165.889    1.15505
214   165.411    1.16149
215   164.93    1.16787
216   164.448    1.17419
217   163.964    1.18047
218   163.478    1.18669
219   162.99    1.19287
220   162.501    1.19901
221   162.01    1.2051
222   161.518    1.21114
223   161.025    1.21715
224   160.53    1.22312
225   160.034    1.22906
226   159.536    1.23496
227   159.038    1.24083
228   158.538    1.24667
229   158.038    1.25249
230   157.536    1.25827
231   157.034    1.26404
232   156.53    1.26978
233   156.026    1.2755
234   155.521    1.2812
235   155.015    1.28689
236   154.509    1.29255
237   154.002    1.29821
238   153.494    1.30385
239   152.985    1.30948
240   152.476    1.3151
241   151.967    1.32071
242   151.457    1.32632
243   150.946    1.33192
244   150.435    1.33752
245   149.924    1.34311
246   149.412    1.3487
247   148.899    1.35429
248   148.387    1.35988
249   147.874    1.36547
250   147.36    1.37107
251   146.847    1.37666
252   146.333    1.38226
253   145.819    1.38787
254   145.304    1.39348
255   144.789    1.3991
256   144.274    1.40472
257   143.759    1.41035
258   143.244    1.41599
259   142.728    1.42164
260   142.213    1.4273
261   141.697    1.43297
262   141.181    1.43865
263   140.664    1.44434
264   140.148    1.45004
265   139.632    1.45575
266   139.115    1.46148
267   138.598    1.46721
268   138.082    1.47296
269   137.565    1.47873
270   137.048    1.48451
271   136.531    1.4903
272   136.013    1.4961
273   135.496    1.50192
274   134.979    1.50775
275   134.461    1.5136
276   133.944    1.51946
277   133.426    1.52534
278   132.909    1.53123
279   132.391    1.53714
280   131.874    1.54306
281   131.356    1.54899
282   130.838    1.55494
283   130.32    1.56091
284   129.802    1.56689
285   129.285    1.57289
286   128.767    1.5789
287   128.249    1.58493
288   127.731    1.59097
289   127.213    1.59702
290   126.695    1.60309
291   126.177    1.60918
292   125.659    1.61528
293   125.141    1.6214
294   124.623    1.62753
295   124.105    1.63367
296   123.586    1.63983
297   123.068    1.64601
298   122.55    1.6522
299   122.032    1.6584
300   121.514    1.66462
301   120.996    1.67085
302   120.477    1.6771
303   119.959    1.68336
304   119.441    1.68963
305   118.923    1.69592
306   118.405    1.70222
307   117.886    1.70853
308   117.368    1.71486
309   116.85    1.7212
310   116.331    1.72756
311   115.813    1.73392
312   115.295    1.7403
313   114.777    1.7467
314   114.258    1.7531
315   113.74    1.75952
316   113.222    1.76595
317   112.703    1.7724
318   112.185    1.77885
319   111.667    1.78532
320   111.148    1.7918
321   110.63    1.79829
322   110.112    1.80479
323   109.593    1.81131
324   109.075    1.81783
325   108.557    1.82437
326   108.038    1.83092
327   107.52    1.83748
328   107.002    1.84405
329   106.483    1.85063
330   105.965    1.85723
331   105.446    1.86383
332   104.928    1.87044
333   104.41    1.87707
334   103.891    1.8837
335   103.373    1.89035
336   102.855    1.897
337   102.336    1.90367
338   101.818    1.91034
339   101.299    1.91702
340   100.781    1.92372
341   100.263    1.93042
342   99.7444    1.93713
343   99.226    1.94385
344   98.7076    1.95058
345   98.1893    1.95732
346   97.6709    1.96407
347   97.1525    1.97083
348   96.6342    1.97759
349   96.1159    1.98437
350   95.5975    1.99115
351   95.0792    1.99794
352   94.5609    2.00474
353   94.0426    2.01154
354   93.5243    2.01835
355   93.006    2.02517
356   92.4878    2.032
357   91.9695    2.03883
358   91.4513    2.04567
359   90.9331    2.05252
360   90.4149    2.05937
361   89.8968    2.06623
362   89.3786    2.07309
363   88.8606    2.07996
364   88.3425    2.08684
365   87.8245    2.09372
366   87.3065    2.1006
367   86.7886    2.10749
368   86.2707    2.11439
369   85.7529    2.12128
370   85.2351    2.12818
371   84.7174    2.13509
372   84.1998    2.14199
373   83.6823    2.1489
374   83.1648    2.15581
375   82.6475    2.16272
376   82.1302    2.16963
377   81.6131    2.17654
378   81.0961    2.18346
379   80.5792    2.19037
380   80.0624    2.19727
381   79.5458    2.20418
382   79.0294    2.21108
383   78.5132    2.21798
384   77.9971    2.22488
385   77.4813    2.23177
386   76.9657    2.23866
387   76.4503    2.24553
388   75.9352    2.2524
389   75.4204    2.25927
390   74.9059    2.26612
391   74.3917    2.27296
392   73.8779    2.27979
393   73.3645    2.28661
394   72.8514    2.29341
395   72.3388    2.3002
396   71.8267    2.30698
397   71.315    2.31373
398   70.8039    2.32047
399   70.2934    2.32719
400   69.7834    2.33389
401   69.2741    2.34056
402   68.7655    2.34722
403   68.2576    2.35384
404   67.7505    2.36045
405   67.2441    2.36702
406   66.7387    2.37356
407   66.2342    2.38007
408   65.7306    2.38656
409   65.2281    2.393
410   64.7266    2.39941
411   64.2263    2.40579
412   63.7272    2.41212
413   63.2294    2.41842
414   62.7329    2.42467
415   62.2378    2.43088
416   61.7442    2.43705
417   61.2522    2.44317
418   60.7617    2.44924
419   60.273    2.45526
420   59.786    2.46123
421   59.301    2.46715
422   58.8178    2.47301
423   58.3367    2.47882
424   57.8577    2.48457
425   57.381    2.49026
426   56.9065    2.49589
427   56.4345    2.50146
428   55.9649    2.50696
429   55.498    2.5124
430   55.0337    2.51778
431   54.5723    2.52309
432   54.1137    2.52833
433   53.6582    2.53349
434   53.2058    2.53859
435   52.7566    2.54362
436   52.3107    2.54857
437   51.8684    2.55346
438   51.4296    2.55826
439   50.9945    2.563
440   50.5632    2.56766
441   50.1358    2.57224
442   49.7125    2.57675
443   49.2934    2.58118
444   48.8786    2.58554
445   48.4682    2.58982
446   48.0624    2.59402
447   47.6613    2.59815
448   47.265    2.60221
449   46.8737    2.60618
450   46.4875    2.61008
451   46.1065    2.6139
452   45.7309    2.61765
453   45.3608    2.62132
454   44.9963    2.62492
455   44.6376    2.62844
456   44.2848    2.63188
457   43.9381    2.63525
458   43.5975    2.63855
459   43.2633    2.64177
460   42.9356    2.64492
461   42.6145    2.648
462   42.3002    2.65101
463   41.9927    2.65394
464   41.6923    2.65681
465   41.399    2.65961
466   41.1131    2.66233
467   40.8346    2.665
468   40.5636    2.66759
469   40.3004    2.67012
470   40.0449    2.67258
471   39.7975    2.67498
472   39.5581    2.67732
473   39.3268    2.67959
474   39.1039    2.68181
475   38.8895    2.68396
476   38.6835    2.68606
477   38.4862    2.6881
478   38.2976    2.69008
479   38.1178    2.69201
480   37.947    2.69388
481   37.7851    2.6957
482   37.6324    2.69747
483   37.4888    2.69918
484   37.3544    2.70085
485   37.2294    2.70247
486   37.1137    2.70404
487   37.0074    2.70557
488   36.9106    2.70705
489   36.8233    2.70848
490   36.7456    2.70987
491   36.6774    2.71122
492   36.6189    2.71252
493   36.57    2.71379
494   36.5307    2.71501
495   36.5011    2.71619
496   36.4812    2.71733
497   36.471    2.71844
498   36.4704    2.7195
499   36.4794    2.72053
500   36.4982    2.72152
501   36.5265    2.72247
502   36.5645    2.72338
503   36.612    2.72425
504   36.669    2.72509
505   36.7356    2.72588
506   36.8117    2.72664
507   36.8972    2.72736
508   36.992    2.72804
509   37.0962    2.72868
510   37.2096    2.72928
511   37.3323    2.72984
512   37.4641    2.73035
513   37.605    2.73083
514   37.7549    2.73126
515   37.9137    2.73164
516   38.0814    2.73198
517   38.2578    2.73228
518   38.443    2.73253
519   38.6367    2.73272
520   38.839    2.73287
521   39.0497    2.73297
522   39.2686    2.73302
523   39.4959    2.73302
524   39.7312    2.73296
525   39.9745    2.73285
526   40.2257    2.73268
527   40.4847    2.73246
528   40.7514    2.73218
529   41.0256    2.73184
530   41.3072    2.73144
531   41.5962    2.73098
532   41.8923    2.73046
533   42.1955    2.72988
534   42.5056    2.72924
535   42.8225    2.72853
536   43.1461    2.72776
537   43.4762    2.72692
538   43.8128    2.72602
539   44.1556    2.72505
540   44.5045    2.72402
541   44.8594    2.72292
542   45.2202    2.72176
543   45.5868    2.72053
544   45.9589    2.71923
545   46.3366    2.71786
546   46.7195    2.71642
547   47.1077    2.71492
548   47.5009    2.71335
549   47.8991    2.71172
550   48.3021    2.71001
