0.0165921, 0
1, 0

0.0264038, 0.00293724
0.999999, 0.00106468

0.0345118, 0.00570883
0.999998, 0.00212936

0.0416853, 0.00833055
0.999995, 0.00319403

0.048239, 0.0108299
0.999991, 0.00425871

0.0543395, 0.0132283
0.999986, 0.00532337

0.0600887, 0.0155414
0.99998, 0.00638804

0.0655541, 0.0177813
0.999972, 0.00745269

0.0707837, 0.0199574
0.999964, 0.00851734

0.0758129, 0.022077
0.999954, 0.00958197

0.0806688, 0.0241462
0.999943, 0.0106466

0.0853727, 0.02617
0.999931, 0.0117112

0.0899417, 0.0281524
0.999918, 0.0127758

0.09439, 0.0300971
0.999904, 0.0138404

0.0987292, 0.032007
0.999889, 0.014905

0.102969, 0.0338848
0.999872, 0.0159695

0.107118, 0.0357326
0.999855, 0.0170341

0.111184, 0.0375526
0.999836, 0.0180986

0.115172, 0.0393465
0.999816, 0.0191631

0.119089, 0.041116
0.999795, 0.0202275

0.122939, 0.0428623
0.999773, 0.021292

0.126726, 0.0445868
0.99975, 0.0223564

0.130454, 0.0462907
0.999726, 0.0234208

0.134127, 0.047975
0.9997, 0.0244852

0.137749, 0.0496407
0.999674, 0.0255495

0.14132, 0.0512885
0.999646, 0.0266139

0.144846, 0.0529195
0.999617, 0.0276781

0.148327, 0.0545343
0.999587, 0.0287424

0.151765, 0.0561335
0.999556, 0.0298066

0.155164, 0.0577179
0.999523, 0.0308708

0.158524, 0.0592881
0.99949, 0.031935

0.161847, 0.0608445
0.999455, 0.0329991

0.165136, 0.0623876
0.99942, 0.0340632

0.16839, 0.063918
0.999383, 0.0351272

0.171613, 0.0654363
0.999345, 0.0361912

0.174804, 0.0669425
0.999306, 0.0372552

0.177965, 0.0684374
0.999266, 0.0383191

0.181098, 0.0699212
0.999224, 0.039383

0.184202, 0.0713943
0.999182, 0.0404468

0.18728, 0.072857
0.999138, 0.0415106

0.190332, 0.0743094
0.999093, 0.0425743

0.193359, 0.0757522
0.999047, 0.043638

0.196362, 0.0771854
0.999, 0.0447017

0.199342, 0.0786096
0.998952, 0.0457653

0.202298, 0.0800246
0.998903, 0.0468288

0.205233, 0.0814309
0.998853, 0.0478923

0.208146, 0.0828287
0.998801, 0.0489557

0.211039, 0.0842184
0.998748, 0.0500191

0.213911, 0.0855998
0.998694, 0.0510824

0.216764, 0.0869734
0.998639, 0.0521457

0.219597, 0.0883395
0.998583, 0.0532089

0.222412, 0.0896978
0.998526, 0.054272

0.225209, 0.0910492
0.998468, 0.0553351

0.227989, 0.092393
0.998408, 0.0563981

0.230751, 0.0937302
0.998348, 0.0574611

0.233495, 0.0950602
0.998286, 0.0585239

0.236225, 0.0963839
0.998223, 0.0595868

0.238938, 0.0977009
0.998159, 0.0606495

0.241636, 0.0990114
0.998094, 0.0617122

0.244318, 0.100316
0.998028, 0.0627748

0.246985, 0.101614
0.99796, 0.0638374

0.249638, 0.102907
0.997892, 0.0648998

0.252277, 0.104193
0.997822, 0.0659622

0.254902, 0.105474
0.997751, 0.0670246

0.257513, 0.106749
0.997679, 0.0680868

0.260111, 0.108018
0.997606, 0.069149

0.262696, 0.109283
0.997532, 0.0702111

0.265269, 0.110542
0.997457, 0.0712731

0.267829, 0.111796
0.99738, 0.072335

0.270376, 0.113044
0.997303, 0.0733969

0.272911, 0.114287
0.997224, 0.0744586

0.275434, 0.115525
0.997144, 0.0755203

0.277946, 0.116759
0.997063, 0.0765819

0.280447, 0.117988
0.996981, 0.0776434

0.282938, 0.119213
0.996898, 0.0787048

0.285415, 0.120432
0.996814, 0.0797662

0.287882, 0.121646
0.996728, 0.0808274

0.290339, 0.122857
0.996641, 0.0818886

0.292788, 0.124063
0.996554, 0.0829496

0.295224, 0.125265
0.996465, 0.0840106

0.297649, 0.126462
0.996375, 0.0850715

0.300067, 0.127655
0.996284, 0.0861322

0.302475, 0.128845
0.996191, 0.0871929

0.304871, 0.13003
0.996098, 0.0882535

0.307259, 0.131211
0.996004, 0.089314

0.30964, 0.132389
0.995908, 0.0903743

0.312008, 0.133561
0.995811, 0.0914346

0.314369, 0.134731
0.995713, 0.0924948

0.316723, 0.135896
0.995614, 0.0935548

0.319064, 0.137059
0.995514, 0.0946148

0.321401, 0.138216
0.995413, 0.0956746

0.323727, 0.139371
0.99531, 0.0967344

0.326044, 0.140522
0.995207, 0.097794

0.328357, 0.14167
0.995102, 0.0988535

0.330656, 0.142814
0.994996, 0.0999129

0.332953, 0.143954
0.994889, 0.100972

0.335238, 0.14509
0.994781, 0.102031

0.337517, 0.146226
0.994672, 0.10309

0.339788, 0.147355
0.994562, 0.104149

0.342052, 0.148482
0.99445, 0.105208

0.344308, 0.149608
0.994338, 0.106267

0.346557, 0.150727
0.994224, 0.107326

0.3488, 0.151845
0.994109, 0.108384

0.351033, 0.15296
0.993993, 0.109442

0.353263, 0.154072
0.993876, 0.110501

0.355482, 0.155179
0.993758, 0.111559

0.357698, 0.156286
0.993639, 0.112617

0.359903, 0.15739
0.993518, 0.113675

0.362106, 0.158488
0.993396, 0.114732

0.364299, 0.159584
0.993274, 0.11579

0.366488, 0.160679
0.99315, 0.116847

0.368668, 0.161771
0.993025, 0.117905

0.370844, 0.162858
0.992899, 0.118962

0.373014, 0.163943
0.992772, 0.120019

0.375175, 0.165027
0.992643, 0.121076

0.377333, 0.16611
0.992514, 0.122133

0.379482, 0.167184
0.992383, 0.123189

0.381629, 0.168259
0.992251, 0.124246

0.383766, 0.169331
0.992119, 0.125302

0.385899, 0.170403
0.991985, 0.126358

0.388027, 0.17147
0.99185, 0.127414

0.390147, 0.172532
0.991713, 0.12847

0.392268, 0.173596
0.991576, 0.129526

0.394374, 0.174654
0.991438, 0.130582

0.396479, 0.175714
0.991298, 0.131637

0.398579, 0.176769
0.991157, 0.132692

0.400673, 0.177819
0.991015, 0.133748

0.402766, 0.17887
0.990872, 0.134803

0.404846, 0.179916
0.990728, 0.135858

0.406924, 0.180963
0.990583, 0.136912

0.408998, 0.182009
0.990437, 0.137967

0.411065, 0.183046
0.990289, 0.139021

0.413131, 0.184084
0.990141, 0.140076

0.415189, 0.18512
0.989991, 0.14113

0.41724, 0.186154
0.98984, 0.142184

0.419291, 0.187189
0.989688, 0.143237

0.421332, 0.18822
0.989535, 0.144291

0.423371, 0.189245
0.989381, 0.145345

0.42541, 0.19027
0.989226, 0.146398

0.427436, 0.191291
0.989069, 0.147451

0.429461, 0.192313
0.988912, 0.148504

0.431485, 0.193335
0.988753, 0.149557

0.433496, 0.194352
0.988593, 0.150609

0.435506, 0.195369
0.988432, 0.151662

0.437518, 0.196381
0.98827, 0.152714

0.439517, 0.197389
0.988107, 0.153766

0.441515, 0.198397
0.987943, 0.154818

0.443512, 0.199405
0.987778, 0.15587

0.445499, 0.20041
0.987611, 0.156921

0.447482, 0.201415
0.987443, 0.157973

0.449464, 0.20242
0.987275, 0.159024

0.451442, 0.203418
0.987105, 0.160075

0.453413, 0.204412
0.986934, 0.161126

0.455384, 0.205407
0.986762, 0.162177

0.457354, 0.206402
0.986589, 0.163227

0.459324, 0.207398
0.986414, 0.164277

0.461281, 0.20839
0.986239, 0.165328

0.463223, 0.209375
0.986062, 0.166377

0.465165, 0.210361
0.985884, 0.167427

0.467107, 0.211348
0.985706, 0.168477

0.469051, 0.212329
0.985526, 0.169526

0.470995, 0.21331
0.985345, 0.170575

0.472938, 0.214292
0.985162, 0.171624

0.474872, 0.21527
0.984979, 0.172673

0.476787, 0.216242
0.984795, 0.173722

0.478703, 0.217214
0.984609, 0.17477

0.480618, 0.218186
0.984423, 0.175818

0.482532, 0.219159
0.984235, 0.176866

0.484447, 0.220133
0.984046, 0.177914

0.486362, 0.221106
0.983856, 0.178962

0.488278, 0.222074
0.983665, 0.180009

0.490173, 0.223033
0.983473, 0.181056

0.492062, 0.22399
0.983279, 0.182103

0.493951, 0.224947
0.983085, 0.18315

0.49584, 0.225906
0.982889, 0.184197

0.497728, 0.226864
0.982693, 0.185243

0.499616, 0.227824
0.982495, 0.186289

0.501504, 0.228784
0.982296, 0.187335

0.503391, 0.229745
0.982096, 0.188381

0.505257, 0.230696
0.981895, 0.189426

0.507117, 0.231646
0.981693, 0.190471

0.50898, 0.232588
0.981489, 0.191517

0.510842, 0.233532
0.981285, 0.192561

0.512705, 0.234475
0.981079, 0.193606

0.514567, 0.23542
0.980873, 0.194651

0.516429, 0.236365
0.980665, 0.195695

0.51829, 0.23731
0.980456, 0.196739

0.520146, 0.238253
0.980246, 0.197782

0.52198, 0.239187
0.980035, 0.198826

0.523813, 0.240122
0.979823, 0.199869

0.525647, 0.241057
0.979609, 0.200912

0.52748, 0.241993
0.979395, 0.201955

0.529313, 0.24293
0.979179, 0.202998

0.531145, 0.243866
0.978962, 0.20404

0.532981, 0.244797
0.978745, 0.205082

0.534817, 0.245727
0.978526, 0.206124

0.53665, 0.246656
0.978306, 0.207166

0.538458, 0.247575
0.978085, 0.208208

0.540266, 0.248494
0.977862, 0.209249

0.542074, 0.249414
0.977639, 0.21029

0.543881, 0.250334
0.977415, 0.21133

0.545689, 0.251254
0.977189, 0.212371

0.547496, 0.252175
0.976962, 0.213411

0.549302, 0.253097
0.976735, 0.214451

0.551109, 0.254019
0.976506, 0.215491

0.552915, 0.254941
0.976276, 0.216531

0.554714, 0.255861
0.976045, 0.21757

0.556493, 0.256772
0.975813, 0.218609

0.558271, 0.257683
0.975579, 0.219648

0.560051, 0.258591
0.975345, 0.220686

0.561833, 0.259495
0.975109, 0.221725

0.563615, 0.2604
0.974873, 0.222763

0.565397, 0.261304
0.974635, 0.223801

0.567178, 0.26221
0.974396, 0.224838

0.568959, 0.263116
0.974156, 0.225875

0.57074, 0.264022
0.973915, 0.226912

0.57252, 0.264928
0.973673, 0.227949

0.574281, 0.265826
0.97343, 0.228986

0.576034, 0.266721
0.973185, 0.230022

0.577787, 0.267616
0.97294, 0.231058

0.57954, 0.268512
0.972693, 0.232094

0.581293, 0.269408
0.972446, 0.233129

0.583045, 0.270305
0.972197, 0.234164

0.584797, 0.271202
0.971947, 0.235199

0.586549, 0.272099
0.971696, 0.236234

0.588301, 0.272997
0.971444, 0.237268

0.590053, 0.273896
0.971191, 0.238303

0.591805, 0.274793
0.970937, 0.239336

0.593549, 0.275678
0.970681, 0.24037

0.595277, 0.276556
0.970425, 0.241403

0.597004, 0.277435
0.970167, 0.242436

0.598732, 0.278314
0.969909, 0.243469

0.60046, 0.279193
0.969649, 0.244502

0.602187, 0.280072
0.969388, 0.245534

0.603914, 0.280952
0.969126, 0.246566

0.605641, 0.281833
0.968863, 0.247598

0.607368, 0.282713
0.968599, 0.248629

0.609095, 0.283594
0.968334, 0.24966

0.610821, 0.284476
0.968067, 0.250691

0.612547, 0.285357
0.9678, 0.251721

0.614268, 0.286237
0.967531, 0.252752

0.615967, 0.287107
0.967262, 0.253782

0.617666, 0.287977
0.966991, 0.254811

0.619364, 0.288848
0.966719, 0.255841

0.621063, 0.289719
0.966446, 0.25687

0.622761, 0.29059
0.966172, 0.257899

0.624459, 0.291462
0.965897, 0.258927

0.626157, 0.292334
0.965621, 0.259955

0.627855, 0.293206
0.965343, 0.260983

0.629553, 0.294078
0.965065, 0.262011

0.631254, 0.294941
0.964785, 0.263038

0.632956, 0.295805
0.964505, 0.264065

0.634657, 0.29667
0.964223, 0.265092

0.636359, 0.297534
0.96394, 0.266118

0.638034, 0.298387
0.963656, 0.267145

0.639708, 0.29924
0.963371, 0.26817

0.641382, 0.300093
0.963085, 0.269196

0.643055, 0.300946
0.962798, 0.270221

0.644729, 0.301799
0.96251, 0.271246

0.646402, 0.302653
0.962221, 0.272271

0.648076, 0.303507
0.96193, 0.273295

0.649749, 0.304361
0.961639, 0.274319

0.651422, 0.305216
0.961346, 0.275343

0.653095, 0.306071
0.961052, 0.276366

0.654767, 0.306926
0.960758, 0.277389

0.65644, 0.307782
0.960462, 0.278412

0.658112, 0.308638
0.960165, 0.279434

0.659784, 0.309494
0.959867, 0.280456

0.661442, 0.310344
0.959568, 0.281478

0.663087, 0.311188
0.959267, 0.2825

0.664732, 0.312033
0.958966, 0.283521

0.666377, 0.312877
0.958664, 0.284542

0.668021, 0.313722
0.95836, 0.285562

0.669666, 0.314568
0.958056, 0.286582

0.67131, 0.315413
0.95775, 0.287602

0.672954, 0.316259
0.957443, 0.288622

0.674602, 0.317097
0.957135, 0.289641

0.67625, 0.317934
0.956826, 0.29066

0.677899, 0.31877
0.956516, 0.291678

0.679547, 0.319607
0.956205, 0.292697

0.681195, 0.320444
0.955893, 0.293714

0.682843, 0.321282
0.95558, 0.294732

0.684491, 0.322119
0.955266, 0.295749

0.686139, 0.322957
0.95495, 0.296766

0.68777, 0.323787
0.954634, 0.297783

0.68939, 0.324613
0.954316, 0.298799

0.691011, 0.325439
0.953997, 0.299815

0.692631, 0.326265
0.953678, 0.30083

0.694251, 0.327092
0.953357, 0.301845

0.695871, 0.327918
0.953035, 0.30286

0.697491, 0.328745
0.952712, 0.303875

0.699111, 0.329572
0.952388, 0.304889

0.700731, 0.3304
0.952063, 0.305903

0.702351, 0.331227
0.951737, 0.306916

0.70397, 0.332055
0.951409, 0.307929

0.70559, 0.332883
0.951081, 0.308942

0.707209, 0.333712
0.950751, 0.309955

0.708828, 0.33454
0.950421, 0.310967

0.710447, 0.335369
0.950089, 0.311978

0.712066, 0.336198
0.949757, 0.31299

0.713685, 0.337028
0.949423, 0.314001

0.715304, 0.337857
0.949088, 0.315011

0.716899, 0.338676
0.948752, 0.316022

0.718491, 0.339494
0.948415, 0.317032

0.720082, 0.340311
0.948077, 0.318041

0.721674, 0.341129
0.947738, 0.31905

0.723268, 0.34194
0.947398, 0.320059

0.724864, 0.342748
0.947056, 0.321068

0.72646, 0.343556
0.946714, 0.322076

0.728056, 0.344363
0.94637, 0.323084

0.729652, 0.345171
0.946026, 0.324091

0.731248, 0.34598
0.94568, 0.325098

0.732843, 0.346788
0.945334, 0.326105

0.734439, 0.347597
0.944986, 0.327111

0.736035, 0.348406
0.944637, 0.328117

0.73763, 0.349215
0.944287, 0.329123

0.739225, 0.350024
0.943936, 0.330128

0.74082, 0.350833
0.943584, 0.331133

0.742416, 0.351643
0.943231, 0.332137

0.744011, 0.352453
0.942877, 0.333141

0.745605, 0.353263
0.942522, 0.334145

0.7472, 0.354073
0.942166, 0.335148

0.748787, 0.354879
0.941808, 0.336151

0.750354, 0.355677
0.94145, 0.337153

0.751922, 0.356475
0.94109, 0.338156

0.753489, 0.357273
0.94073, 0.339157

0.755057, 0.358071
0.940368, 0.340159

0.756624, 0.35887
0.940005, 0.34116

0.758191, 0.359668
0.939642, 0.34216

0.759759, 0.360467
0.939277, 0.343161

0.761326, 0.361266
0.938911, 0.34416

0.762893, 0.362066
0.938544, 0.34516

0.76446, 0.362865
0.938176, 0.346159

0.766026, 0.363665
0.937807, 0.347158

0.767593, 0.364465
0.937437, 0.348156

0.76916, 0.365265
0.937065, 0.349154

0.770726, 0.366065
0.936693, 0.350151

0.772297, 0.366856
0.93632, 0.351148

0.773869, 0.367645
0.935945, 0.352145

0.775441, 0.368434
0.93557, 0.353141

0.777012, 0.369223
0.935194, 0.354137

0.778584, 0.370013
0.934816, 0.355133

0.780156, 0.370802
0.934437, 0.356128

0.781727, 0.371592
0.934058, 0.357122

0.783298, 0.372382
0.933677, 0.358117

0.78487, 0.373172
0.933295, 0.35911

0.786441, 0.373962
0.932912, 0.360104

0.788012, 0.374752
0.932528, 0.361097

0.789583, 0.375543
0.932143, 0.36209

0.791137, 0.376325
0.931757, 0.363082

0.792681, 0.377103
0.93137, 0.364074

0.794225, 0.377881
0.930982, 0.365065

0.795769, 0.378659
0.930593, 0.366056

0.797312, 0.379438
0.930203, 0.367047

0.798856, 0.380216
0.929811, 0.368037

0.8004, 0.380995
0.929419, 0.369027

0.801944, 0.381773
0.929025, 0.370016

0.803487, 0.382552
0.928631, 0.371005

0.805031, 0.383331
0.928235, 0.371993

0.806574, 0.384111
0.927839, 0.372981

0.808118, 0.38489
0.927441, 0.373969

0.809661, 0.385669
0.927043, 0.374956

0.811208, 0.386441
0.926643, 0.375943

0.812757, 0.387208
0.926242, 0.376929

0.814306, 0.387976
0.92584, 0.377915

0.815855, 0.388744
0.925437, 0.378901

0.817404, 0.389512
0.925033, 0.379886

0.818953, 0.39028
0.924628, 0.38087

0.820502, 0.391048
0.924222, 0.381855

0.82205, 0.391816
0.923815, 0.382838

0.823599, 0.392584
0.923407, 0.383822

0.825148, 0.393352
0.922998, 0.384805

0.826696, 0.394121
0.922588, 0.385787

0.828245, 0.394889
0.922177, 0.386769

0.829793, 0.395658
0.921764, 0.387751

0.831342, 0.396427
0.921351, 0.388732

0.83289, 0.397196
0.920936, 0.389713

0.834438, 0.397964
0.920521, 0.390693

0.835986, 0.398733
0.920105, 0.391673

0.837541, 0.399491
0.919687, 0.392652

0.839095, 0.400247
0.919268, 0.393631

0.840649, 0.401004
0.918849, 0.39461

0.842203, 0.401761
0.918428, 0.395588

0.843757, 0.402517
0.918006, 0.396565

0.845311, 0.403274
0.917584, 0.397543

0.846865, 0.404031
0.91716, 0.398519

0.848419, 0.404788
0.916735, 0.399496

0.849973, 0.405545
0.916309, 0.400471

0.851527, 0.406302
0.915882, 0.401447

0.853085, 0.407052
0.915454, 0.402422

0.854657, 0.407803
0.915025, 0.403396

0.856244, 0.40856
0.914595, 0.40437

0.857831, 0.409317
0.914164, 0.405344

0.859418, 0.410074
0.913732, 0.406317

0.861005, 0.410831
0.913299, 0.407289

0.862592, 0.411589
0.912865, 0.408261

0.864185, 0.412334
0.91243, 0.409233

0.865778, 0.413078
0.911994, 0.410204

0.867371, 0.413823
0.911556, 0.411175

0.868976, 0.414573
0.911118, 0.412145

0.870599, 0.415324
0.910679, 0.413115

0.872225, 0.416068
0.910238, 0.414084

0.873852, 0.416812
0.909797, 0.415053

0.875485, 0.417554
0.909355, 0.416022

0.877144, 0.418298
0.908911, 0.41699

0.878804, 0.419041
0.908467, 0.417957

0.880484, 0.419779
0.908021, 0.418924

0.882178, 0.42052
0.907575, 0.419891

0.883895, 0.421258
0.907127, 0.420857

0.885635, 0.421994
0.906679, 0.421822

0.887405, 0.422731
0.906229, 0.422787

0.889214, 0.423468
0.905778, 0.423752

0.891073, 0.424204
0.905327, 0.424716

0.892999, 0.424942
0.904874, 0.42568

0.895024, 0.425687
0.90442, 0.426643

0.897207, 0.426449
0.903965, 0.427605

0.899705, 0.427271
0.90351, 0.428568

0.903308, 0.428864
0.903053, 0.429529

0.90282, 0.43412
0.902595, 0.430491

0.901337, 0.437879
0.902136, 0.431451

0.899888, 0.441274
0.901676, 0.432412

0.898481, 0.444501
0.901215, 0.433371

0.89707, 0.447609
0.900754, 0.434331

0.895681, 0.450647
0.900291, 0.435289

0.894307, 0.453633
0.899827, 0.436248

0.892941, 0.456576
0.899362, 0.437205

0.891582, 0.459486
0.898896, 0.438163

0.890257, 0.462383
0.898429, 0.439119

0.888954, 0.465267
0.897961, 0.440076

0.887653, 0.468129
0.897492, 0.441032

0.88635, 0.470972
0.897022, 0.441987

0.885046, 0.473798
0.89655, 0.442942

0.883739, 0.476609
0.896078, 0.443896

0.882428, 0.479405
0.895605, 0.44485

0.881116, 0.482185
0.895131, 0.445803

0.879803, 0.484948
0.894656, 0.446756

0.87851, 0.487723
0.89418, 0.447708

0.877231, 0.490507
0.893703, 0.44866

0.875956, 0.493267
0.893224, 0.449611

0.874675, 0.496019
0.892745, 0.450562

0.873385, 0.498767
0.892265, 0.451512

0.872087, 0.501513
0.891784, 0.452462

0.870789, 0.504239
0.891302, 0.453411

0.869488, 0.506952
0.890818, 0.45436

0.868194, 0.509671
0.890334, 0.455308

0.866928, 0.512408
0.889849, 0.456255

0.865653, 0.515142
0.889363, 0.457203

0.864373, 0.517866
0.888875, 0.458149

0.863097, 0.520568
0.888387, 0.459095

0.861812, 0.523267
0.887898, 0.460041

0.860518, 0.525963
0.887407, 0.460986

0.859217, 0.528655
0.886916, 0.461931

0.85791, 0.531347
0.886424, 0.462875

0.856642, 0.534065
0.88593, 0.463818

0.855377, 0.536762
0.885436, 0.464761

0.854108, 0.539449
0.884941, 0.465703

0.852831, 0.542133
0.884444, 0.466645

0.851545, 0.544814
0.883947, 0.467587

0.850251, 0.547492
0.883449, 0.468528

0.848948, 0.550168
0.88295, 0.469468

0.847637, 0.55284
0.882449, 0.470408

0.846362, 0.555527
0.881948, 0.471347

0.845101, 0.558202
0.881445, 0.472286

0.843831, 0.560873
0.880942, 0.473224

0.842553, 0.563542
0.880438, 0.474162

0.841267, 0.566209
0.879933, 0.475099

0.839972, 0.568872
0.879426, 0.476035

0.838669, 0.571533
0.878919, 0.476971

0.837357, 0.574191
0.878411, 0.477907

0.836064, 0.576849
0.877901, 0.478842

0.834802, 0.579511
0.877391, 0.479776

0.833531, 0.58217
0.87688, 0.48071

0.832252, 0.584826
0.876367, 0.481643

0.830965, 0.58748
0.875854, 0.482576

0.829669, 0.590132
0.87534, 0.483508

0.828366, 0.59278
0.874824, 0.48444

0.827053, 0.595427
0.874308, 0.485371

0.82574, 0.59806
0.873791, 0.486302

0.824472, 0.600708
0.873273, 0.487232

0.8232, 0.603357
0.872753, 0.488161

0.821921, 0.606004
0.872233, 0.48909

0.820633, 0.608648
0.871712, 0.490019

0.819336, 0.61129
0.87119, 0.490946

0.818031, 0.613929
0.870667, 0.491874

0.816718, 0.616566
0.870142, 0.4928

0.815405, 0.619189
0.869617, 0.493727

0.814106, 0.621806
0.869091, 0.494652

0.812834, 0.624447
0.868564, 0.495577

0.811553, 0.627086
0.868036, 0.496502

0.810264, 0.629723
0.867507, 0.497425

0.808966, 0.632358
0.866977, 0.498349

0.80766, 0.63499
0.866446, 0.499272

0.806345, 0.63762
0.865913, 0.500194

0.805036, 0.64023
0.86538, 0.501115

0.803724, 0.642831
0.864846, 0.502037

0.802427, 0.645449
0.864311, 0.502957

0.801145, 0.648082
0.863775, 0.503877

0.799854, 0.650714
0.863238, 0.504796

0.798555, 0.653344
0.862701, 0.505715

0.797247, 0.655971
0.862162, 0.506633

