0.577726
0.577727
0.577727
0.577728
0.577729
0.57773
0.577731
0.577731
0.577732
0.577734
0.577735
0.577735
0.577736
0.577737
0.577738
0.57774
0.577741
0.577741
0.577743
0.577744
0.577745
0.577747
0.577748
0.577749
0.577751
0.577753
0.577754
0.577756
0.577758
0.577759
0.577762
0.577764
0.577767
0.577769
0.577771
0.577774
0.577777
0.57778
0.577783
0.577786
0.577789
0.577793
0.577796
0.5778
0.577803
0.577807
0.577812
0.577816
0.57782
0.577824
0.577828
0.577833
0.577838
0.577843
0.577848
0.577853
0.577858
0.577864
0.577869
0.577875
0.57788
0.577886
0.577892
0.577899
0.577905
0.577911
0.577917
0.577923
0.57793
0.577936
0.577943
0.577949
0.577956
0.577963
0.577969
0.577976
0.577982
0.577989
0.577996
0.578002
0.578009
0.578015
0.578022
0.578028
0.578034
0.57804
0.578046
0.578052
0.578058
0.578064
0.578069
0.578075
0.57808
0.578085
0.57809
0.578095
0.578099
0.578103
0.578108
0.578111
0.578115
0.578118
0.578122
0.578125
0.578127
0.57813
0.578132
0.578134
0.578136
0.578138
0.578139
0.57814
0.578141
0.578142
0.578142
0.578142
0.578142
0.578142
0.578142
0.578142
0.578141
0.57814
0.578139
0.578138
0.578137
0.578135
0.578134
0.578132
0.57813
0.578128
0.578127
0.578125
0.578123
0.578121
0.578119
0.578117
0.578115
0.578113
0.578112
0.57811
0.578108
0.578106
0.578105
0.578104
0.578102
0.578101
0.578099
0.578098
0.578097
0.578097
0.578097
0.578097
0.578098
0.578099
0.578101
0.578104
0.578108
0.578111
0.578114
0.578116
0.578119
0.578122
0.578125
0.578129
0.578134
0.578139
0.578143
0.578149
0.578157
0.578164
0.578171
0.578178
0.578185
0.578193
0.578201
0.578209
0.578217
0.578225
0.578233
0.578241
0.57825
0.578258
0.578266
0.578275
0.578283
0.578291
0.578299
0.578307
0.578315
0.578323
0.578331
0.578338
0.578346
0.578353
0.578361
0.578368
0.578375
0.578382
0.578388
0.578395
0.578401
0.578407
0.578413
0.578419
0.578425
0.578431
0.578436
0.578441
0.578446
0.578451
0.578456
0.57846
0.578464
0.578468
0.578472
0.578476
0.578479
0.578483
0.578486
0.578489
0.578492
0.578494
0.578496
0.578499
0.578501
0.578503
0.578504
0.578506
0.578507
0.578508
0.578509
0.57851
0.578511
0.578511
0.578511
0.578511
0.578511
0.578511
0.57851
0.578509
0.578508
0.578507
0.578506
0.578505
0.578503
0.578501
0.578498
0.578496
0.578493
0.578491
0.578487
0.578483
0.578479
0.578475
0.578471
0.578466
0.578461
0.578455
0.578449
0.578443
0.578437
0.57843
0.578422
0.578414
0.578405
0.578396
0.578387
0.578377
0.578366
0.578355
0.578343
0.57833
0.578317
0.578304
0.578289
0.578273
0.578256
0.57824
0.578222
0.578204
0.578184
0.578163
0.578141
0.578119
0.578096
0.578071
0.578045
0.578018
0.57799
0.577961
0.577931
0.5779
0.577867
0.577832
0.577797
0.577761
0.577724
0.577685
0.577644
0.577601
0.577558
0.577514
0.577469
0.577421
0.577372
0.577321
0.577269
0.577218
0.577164
0.577108
0.57705
0.576991
0.576933
0.576873
0.576812
0.576748
0.576683
0.576617
0.576551
0.576485
0.576417
0.576347
0.576276
0.576205
0.576134
0.576063
0.57599
0.575916
0.575841
0.575767
0.575694
0.57562
0.575545
0.575468
0.575393
0.57532
0.575247
0.575173
0.575098
0.575023
0.574951
0.574881
0.574811
0.574741
0.57467
0.5746
0.574534
0.57447
0.574407
0.574343
0.574279
0.574218
0.574162
0.574107
0.574052
0.573997
0.573944
0.573896
0.573851
0.573808
0.573763
0.57372
0.573681
0.573647
0.573616
0.573585
0.573553
0.573524
0.573501
0.573482
0.573465
0.573447
0.573429
0.573417
0.57341
0.573406
0.573402
0.573397
0.573395
0.573399
0.573408
0.573418
0.573425
0.573435
0.573449
0.573469
0.573491
0.573511
0.573531
0.573555
0.573585
0.573617
0.573648
0.573678
0.57371
0.573746
0.573786
0.573827
0.573867
0.573907
0.573952
0.574001
0.574052
0.574102
0.574151
0.574203
0.574259
0.574317
0.574375
0.574432
0.57449
0.57455
0.574614
0.574677
0.574739
0.574799
0.574861
0.574927
0.574995
0.575061
0.575123
0.575184
0.575246
0.57531
0.575374
0.575437
0.575498
0.57556
0.575623
0.575686
0.575746
0.575804
0.57586
0.575916
0.575973
0.576029
0.576082
0.576133
0.576182
0.576234
0.576287
0.576337
0.576385
0.576431
0.576476
0.576522
0.576566
0.576607
0.576647
0.576686
0.576725
0.576762
0.576798
0.576832
0.576865
0.576898
0.57693
0.576959
0.576987
0.577015
0.577042
0.577068
0.577093
0.577115
0.577137
0.577158
0.577179
0.5772
0.577219
0.577235
0.577252
0.577269
0.577286
0.577301
0.577314
0.577326
0.577339
0.577352
0.577365
0.577377
0.577387
0.577397
0.577407
0.577418
0.577428
0.577437
0.577446
0.577455
0.577464
0.577472
0.577479
0.577485
0.577493
0.5775
0.577506
0.577511
0.577515
0.57752
0.577525
0.577531
0.577535
0.577538
0.577541
0.577544
0.577548
0.577552
0.577555
0.577557
0.577559
0.577561
0.577564
0.577566
0.577568
0.57757
0.577571
0.577573
0.577574
0.577575
0.577576
0.577577
0.577578
0.57758
0.57758
0.57758
0.577581
0.577581
0.577582
0.577583
0.577583
0.577583
0.577583
0.577583
0.577584
0.577584
0.577584
0.577584
0.577584
0.577584
0.577584
0.577584
0.577584
0.577584
0.577584
0.577583
0.577583
0.577583
0.577583
0.577583
0.577582
0.577582
0.577582
0.577581
0.577581
0.577581
0.577581
0.57758
0.57758
0.577579
0.577579
0.577579
0.577578
0.577578
0.577578
0.577577
0.577577
0.577576
0.577576
0.577576
0.577575
0.577575
0.577574
0.577574
0.577573
0.577573
0.577573
0.577572
0.577572
0.577571
0.577571
0.577571
0.577571
0.57757
0.577569
0.577569
0.577569
0.577569
0.577568
0.577567
0.577567
0.577567
0.577567
0.577566
0.577565
0.577565
0.577565
0.577565
0.577565
0.577563
0.577562
0.577563
0.577564
0.577563
0.577561
0.57756
0.577561
0.577562
0.577562
0.57756
0.577558
0.577559
0.57756
0.57756
0.577558
0.577557
0.577557
0.577558
0.577558
0.577557
0.577557
0.577556
0.577555
0.577555
0.577556
0.577555
0.577554
0.577553
0.577553
0.577553
0.577553
0.577553
0.577552
0.577551
0.57755
0.57755
0.57755
0.57755
0.57755
0.577548
0.577547
0.577547
0.577547
0.577547
0.577546
0.577545
0.577544
0.577542
0.577541
0.577541
0.577541
0.57754
0.577537
0.577534
0.577532
0.577533
0.577533
0.577533
0.577529
0.577525
0.577523
0.577523
0.577523
0.577522
0.577519
0.577515
0.577512
0.577511
0.577511
0.577511
0.577509
0.577504
0.5775
0.577498
0.577497
0.577497
0.577496
0.577491
0.577486
0.577483
0.577482
0.577482
0.57748
0.577476
0.57747
0.577465
0.577463
0.577463
0.577462
0.577457
0.577451
0.577446
0.577443
0.577442
0.57744
0.577436
0.57743
0.577423
0.577418
0.577415
0.577411
0.577406
0.577398
0.577389
0.57738
0.577372
0.577364
0.577354
0.57734
0.577323
0.577305
0.577285
0.577264
0.57724
0.577211
0.577179
0.577145
0.577113
0.577084
0.577059
0.577042
0.577035
0.577038
