0   125    0.988212
1   125.571    0.988211
2   126.142    0.98821
3   126.713    0.988208
4   127.283    0.988205
5   127.854    0.988202
6   128.425    0.988197
7   128.996    0.988191
8   129.567    0.988184
9   130.137    0.988176
10   130.708    0.988166
11   131.279    0.988153
12   131.85    0.988139
13   132.42    0.988122
14   132.991    0.988103
15   133.562    0.988081
16   134.132    0.988056
17   134.703    0.988027
18   135.274    0.987996
19   135.844    0.98796
20   136.415    0.987921
21   136.985    0.987877
22   137.556    0.987829
23   138.126    0.987776
24   138.696    0.987718
25   139.267    0.987655
26   139.837    0.987587
27   140.407    0.987513
28   140.977    0.987432
29   141.547    0.987345
30   142.117    0.987251
31   142.687    0.98715
32   143.257    0.987042
33   143.827    0.986925
34   144.397    0.9868
35   144.966    0.986666
36   145.536    0.986523
37   146.105    0.986369
38   146.675    0.986206
39   147.244    0.986031
40   147.813    0.985844
41   148.382    0.985646
42   148.95    0.985434
43   149.519    0.985209
44   150.088    0.98497
45   150.656    0.984717
46   151.224    0.984447
47   151.792    0.984162
48   152.36    0.98386
49   152.927    0.98354
50   153.494    0.983201
51   154.062    0.982843
52   154.628    0.982466
53   155.195    0.982067
54   155.761    0.981647
55   156.327    0.981205
56   156.893    0.98074
57   157.458    0.98025
58   158.023    0.979736
59   158.588    0.979196
60   159.152    0.97863
61   159.716    0.978036
62   160.279    0.977414
63   160.842    0.976763
64   161.405    0.976082
65   161.967    0.975371
66   162.529    0.974628
67   163.09    0.973853
68   163.65    0.973045
69   164.21    0.972203
70   164.769    0.971327
71   165.328    0.970415
72   165.886    0.969467
73   166.444    0.968483
74   167.001    0.967462
75   167.557    0.966403
76   168.112    0.965305
77   168.666    0.964169
78   169.22    0.962993
79   169.773    0.961778
80   170.325    0.960522
81   170.876    0.959226
82   171.426    0.95789
83   171.976    0.956512
84   172.524    0.955094
85   173.071    0.953635
86   173.617    0.952134
87   174.163    0.950592
88   174.707    0.94901
89   175.25    0.947386
90   175.791    0.945723
91   176.332    0.944019
92   176.871    0.942275
93   177.409    0.940492
94   177.946    0.93867
95   178.481    0.936811
96   179.015    0.934914
97   179.548    0.932981
98   180.079    0.931012
99   180.609    0.929009
100   181.137    0.926973
101   181.664    0.924905
102   182.189    0.922806
103   182.713    0.920679
104   183.235    0.918523
105   183.755    0.916342
106   184.274    0.914137
107   184.791    0.911909
108   185.306    0.909661
109   185.819    0.907395
110   186.331    0.905112
111   186.841    0.902816
112   187.349    0.900508
113   187.855    0.898192
114   188.359    0.895868
115   188.862    0.893541
116   189.362    0.891213
117   189.861    0.888887
118   190.357    0.886565
119   190.852    0.884251
120   191.344    0.881947
121   191.835    0.879658
122   192.323    0.877385
123   192.81    0.875133
124   193.294    0.872904
125   193.777    0.870703
126   194.257    0.868531
127   194.735    0.866394
128   195.211    0.864294
129   195.686    0.862235
130   196.158    0.860221
131   196.627    0.858254
132   197.095    0.85634
133   197.561    0.85448
134   198.025    0.852679
135   198.486    0.850941
136   198.946    0.849269
137   199.403    0.847666
138   199.859    0.846135
139   200.312    0.844681
140   200.763    0.843307
141   201.212    0.842016
142   201.66    0.840811
143   202.105    0.839695
144   202.548    0.838671
145   202.99    0.837743
146   203.429    0.836914
147   203.866    0.836185
148   204.302    0.83556
149   204.736    0.835042
150   205.167    0.834633
151   205.597    0.834334
152   206.025    0.834149
153   206.452    0.834079
154   206.876    0.834127
155   207.299    0.834293
156   207.72    0.83458
157   208.14    0.834989
158   208.557    0.835522
159   208.973    0.836179
160   209.388    0.836961
161   209.801    0.83787
162   210.212    0.838906
163   210.622    0.84007
164   211.031    0.841361
165   211.438    0.842781
166   211.844    0.844329
167   212.248    0.846005
168   212.651    0.847809
169   213.052    0.849741
170   213.453    0.8518
171   213.852    0.853986
172   214.249    0.856298
173   214.646    0.858734
174   215.042    0.861295
175   215.436    0.863979
176   215.829    0.866784
177   216.222    0.86971
178   216.613    0.872755
179   217.003    0.875918
180   217.392    0.879197
181   217.781    0.88259
182   218.168    0.886097
183   218.555    0.889715
184   218.94    0.893442
185   219.325    0.897276
186   219.71    0.901216
187   220.093    0.90526
188   220.476    0.909406
189   220.857    0.913652
190   221.239    0.917995
191   221.619    0.922435
192   221.999    0.926968
193   222.379    0.931593
194   222.758    0.936308
195   223.136    0.94111
196   223.514    0.945998
197   223.891    0.95097
198   224.268    0.956024
199   224.644    0.961157
200   225.02    0.966369
201   225.395    0.971656
202   225.77    0.977017
203   226.145    0.98245
204   226.519    0.987953
205   226.893    0.993525
206   227.267    0.999164
207   227.64    1.00487
208   228.013    1.01063
209   228.386    1.01646
210   228.758    1.02235
211   229.13    1.0283
212   229.502    1.0343
213   229.874    1.04036
214   230.245    1.04647
215   230.616    1.05263
216   230.988    1.05884
217   231.358    1.06511
218   231.729    1.07142
219   232.1    1.07778
220   232.47    1.08418
221   232.84    1.09063
222   233.21    1.09712
223   233.58    1.10365
224   233.95    1.11023
225   234.32    1.11684
226   234.689    1.12349
227   235.059    1.13018
228   235.428    1.13691
229   235.797    1.14367
230   236.167    1.15046
231   236.536    1.15729
232   236.905    1.16416
233   237.274    1.17105
234   237.643    1.17798
235   238.012    1.18494
236   238.381    1.19193
237   238.749    1.19894
238   239.118    1.20599
239   239.487    1.21306
240   239.855    1.22016
241   240.224    1.22729
242   240.593    1.23444
243   240.961    1.24162
244   241.33    1.24883
245   241.698    1.25606
246   242.067    1.26331
247   242.435    1.27058
248   242.804    1.27788
249   243.172    1.2852
250   243.541    1.29255
251   243.909    1.29991
252   244.277    1.3073
253   244.646    1.3147
254   245.014    1.32213
255   245.383    1.32958
256   245.751    1.33705
257   246.119    1.34453
258   246.488    1.35204
259   246.856    1.35957
260   247.225    1.36711
261   247.593    1.37467
262   247.961    1.38225
263   248.33    1.38985
264   248.698    1.39747
265   249.067    1.4051
266   249.435    1.41275
267   249.804    1.42042
268   250.172    1.42811
269   250.541    1.43581
270   250.91    1.44353
271   251.278    1.45126
272   251.647    1.45901
273   252.016    1.46678
274   252.384    1.47457
275   252.753    1.48237
276   253.122    1.49018
277   253.491    1.49801
278   253.86    1.50586
279   254.229    1.51373
280   254.598    1.52161
281   254.967    1.5295
282   255.336    1.53742
283   255.705    1.54534
284   256.075    1.55329
285   256.444    1.56125
286   256.813    1.56922
287   257.183    1.57721
288   257.553    1.58522
289   257.922    1.59324
290   258.292    1.60128
291   258.662    1.60934
292   259.032    1.61741
293   259.403    1.6255
294   259.773    1.63361
295   260.144    1.64173
296   260.514    1.64987
297   260.885    1.65802
298   261.256    1.66619
299   261.627    1.67438
300   261.998    1.68259
301   262.37    1.69082
302   262.741    1.69906
303   263.113    1.70732
304   263.485    1.7156
305   263.858    1.7239
306   264.23    1.73221
307   264.603    1.74055
308   264.976    1.7489
309   265.349    1.75727
310   265.723    1.76566
311   266.097    1.77408
312   266.471    1.78251
313   266.846    1.79096
314   267.22    1.79943
315   267.595    1.80792
316   267.971    1.81644
317   268.347    1.82497
318   268.723    1.83353
319   269.1    1.8421
320   269.477    1.8507
321   269.854    1.85933
322   270.232    1.86797
323   270.61    1.87663
324   270.989    1.88532
325   271.368    1.89403
326   271.748    1.90277
327   272.128    1.91153
328   272.509    1.92031
329   272.89    1.92912
330   273.272    1.93795
331   273.655    1.9468
332   274.038    1.95568
333   274.421    1.96458
334   274.806    1.97351
335   275.191    1.98246
336   275.576    1.99144
337   275.962    2.00044
338   276.349    2.00947
339   276.737    2.01852
340   277.125    2.0276
341   277.514    2.0367
342   277.904    2.04583
343   278.295    2.05499
344   278.686    2.06417
345   279.078    2.07338
346   279.471    2.08261
347   279.865    2.09187
348   280.259    2.10115
349   280.655    2.11046
350   281.051    2.1198
351   281.448    2.12916
352   281.846    2.13855
353   282.245    2.14796
354   282.645    2.1574
355   283.046    2.16687
356   283.448    2.17636
357   283.851    2.18587
358   284.255    2.19541
359   284.659    2.20497
360   285.065    2.21456
361   285.472    2.22418
362   285.879    2.23381
363   286.288    2.24348
364   286.698    2.25316
365   287.109    2.26287
366   287.521    2.2726
367   287.934    2.28235
368   288.348    2.29213
369   288.763    2.30193
370   289.179    2.31175
371   289.596    2.32159
372   290.014    2.33145
373   290.433    2.34134
374   290.854    2.35124
375   291.275    2.36117
376   291.698    2.37111
377   292.122    2.38107
378   292.547    2.39105
379   292.973    2.40105
380   293.4    2.41106
381   293.828    2.42109
382   294.257    2.43114
383   294.687    2.44121
384   295.119    2.45128
385   295.551    2.46138
386   295.985    2.47148
387   296.419    2.4816
388   296.855    2.49173
389   297.292    2.50188
390   297.73    2.51203
391   298.169    2.5222
392   298.609    2.53237
393   299.05    2.54256
394   299.492    2.55275
395   299.935    2.56295
396   300.38    2.57315
397   300.825    2.58336
398   301.271    2.59357
399   301.719    2.60379
400   302.167    2.61401
401   302.616    2.62424
402   303.067    2.63446
403   303.518    2.64469
404   303.97    2.65491
405   304.424    2.66513
406   304.878    2.67535
407   305.333    2.68556
408   305.789    2.69577
409   306.246    2.70598
410   306.704    2.71617
411   307.163    2.72636
412   307.623    2.73654
413   308.083    2.74671
414   308.545    2.75687
415   309.007    2.76701
416   309.471    2.77714
417   309.935    2.78726
418   310.4    2.79736
419   310.866    2.80744
420   311.332    2.81751
421   311.8    2.82756
422   312.268    2.83758
423   312.737    2.84758
424   313.207    2.85756
425   313.678    2.86752
426   314.149    2.87745
427   314.621    2.88736
428   315.094    2.89723
429   315.568    2.90708
430   316.042    2.9169
431   316.517    2.92668
432   316.993    2.93644
433   317.47    2.94616
434   317.947    2.95584
435   318.425    2.96549
436   318.904    2.9751
437   319.383    2.98468
438   319.863    2.99421
439   320.343    3.00371
440   320.825    3.01316
441   321.307    3.02257
442   321.789    3.03193
443   322.272    3.04125
444   322.756    3.05052
445   323.241    3.05974
446   323.726    3.06891
447   324.211    3.07804
448   324.698    3.08711
449   325.184    3.09613
450   325.672    3.10509
451   326.16    3.114
452   326.649    3.12285
453   327.138    3.13165
454   327.628    3.14038
455   328.118    3.14906
456   328.61    3.15767
457   329.101    3.16622
458   329.593    3.17471
459   330.086    3.18313
460   330.58    3.19149
461   331.074    3.19978
462   331.568    3.208
463   332.063    3.21615
464   332.559    3.22423
465   333.055    3.23224
466   333.552    3.24018
467   334.05    3.24805
468   334.548    3.25584
469   335.046    3.26356
470   335.546    3.2712
471   336.045    3.27877
472   336.546    3.28626
473   337.046    3.29367
474   337.548    3.30101
475   338.05    3.30827
476   338.553    3.31545
477   339.056    3.32256
478   339.559    3.32958
479   340.064    3.33653
480   340.568    3.3434
481   341.074    3.35019
482   341.58    3.35691
483   342.086    3.36354
484   342.593    3.3701
485   343.1    3.37659
486   343.608    3.38299
487   344.117    3.38932
488   344.626    3.39558
489   345.136    3.40176
490   345.646    3.40786
491   346.156    3.4139
492   346.667    3.41986
493   347.179    3.42575
494   347.691    3.43156
495   348.203    3.43731
496   348.716    3.44299
497   349.23    3.44861
498   349.744    3.45415
499   350.258    3.45963
500   350.773    3.46505
501   351.288    3.4704
502   351.804    3.47568
503   352.32    3.48091
504   352.836    3.48608
505   353.353    3.49118
506   353.871    3.49623
507   354.388    3.50122
508   354.906    3.50615
509   355.425    3.51103
510   355.944    3.51585
511   356.463    3.52062
512   356.983    3.52534
513   357.503    3.53001
514   358.023    3.53463
515   358.544    3.5392
516   359.065    3.54372
517   359.586    3.5482
518   360.108    3.55263
519   360.63    3.55702
520   361.152    3.56136
521   361.675    3.56566
522   362.197    3.56993
523   362.721    3.57415
524   363.244    3.57834
525   363.768    3.58249
526   364.292    3.58661
527   364.816    3.59069
528   365.341    3.59474
529   365.865    3.59876
530   366.39    3.60276
531   366.916    3.60672
532   367.441    3.61066
533   367.967    3.61457
534   368.493    3.61846
535   369.019    3.62232
536   369.545    3.62617
537   370.071    3.63
538   370.598    3.6338
539   371.125    3.63759
540   371.652    3.64137
541   372.179    3.64513
542   372.706    3.64888
543   373.233    3.65262
544   373.761    3.65634
545   374.288    3.66006
546   374.816    3.66377
547   375.344    3.66747
548   375.872    3.67117
549   376.4    3.67485
550   376.928    3.67854
551   377.456    3.68222
552   377.985    3.6859
553   378.513    3.68958
554   379.041    3.69326
555   379.57    3.69694
556   380.099    3.70062
557   380.627    3.7043
558   381.156    3.70798
559   381.685    3.71166
560   382.214    3.71535
561   382.742    3.71905
562   383.271    3.72274
563   383.8    3.72645
564   384.329    3.73015
565   384.858    3.73387
566   385.387    3.73759
567   385.916    3.74132
568   386.445    3.74505
569   386.974    3.74879
570   387.503    3.75255
571   388.032    3.75631
572   388.561    3.76008
573   389.09    3.76386
574   389.619    3.76765
575   390.148    3.77145
576   390.677    3.77526
577   391.206    3.77908
578   391.735    3.78291
579   392.263    3.78676
580   392.792    3.79061
581   393.321    3.79448
582   393.85    3.79836
583   394.378    3.80225
584   394.907    3.80616
585   395.435    3.81008
586   395.963    3.81401
587   396.492    3.81795
588   397.02    3.82191
589   397.548    3.82588
590   398.076    3.82986
591   398.604    3.83386
592   399.132    3.83787
593   399.659    3.84189
594   400.187    3.84592
595   400.714    3.84997
596   401.241    3.85404
597   401.768    3.85811
598   402.295    3.8622
599   402.821    3.86629
600   403.348    3.87041
601   403.874    3.87453
602   404.4    3.87866
603   404.926    3.88281
604   405.451    3.88696
605   405.976    3.89113
606   406.501    3.8953
607   407.026    3.89949
608   407.55    3.90368
609   408.074    3.90789
610   408.598    3.9121
611   409.121    3.91632
612   409.644    3.92054
613   410.167    3.92478
614   410.689    3.92902
615   411.21    3.93326
616   411.732    3.93751
617   412.252    3.94177
618   412.772    3.94603
619   413.292    3.95029
620   413.811    3.95455
621   414.329    3.95882
622   414.847    3.96309
623   415.364    3.96736
624   415.881    3.97162
625   416.396    3.97589
626   416.911    3.98015
627   417.425    3.98441
628   417.938    3.98867
629   418.45    3.99292
630   418.962    3.99716
631   419.472    4.0014
632   419.981    4.00563
633   420.489    4.00985
634   420.997    4.01406
635   421.502    4.01825
636   422.007    4.02244
637   422.51    4.02661
638   423.012    4.03076
639   423.513    4.0349
640   424.012    4.03902
641   424.509    4.04313
642   425.005    4.04721
643   425.499    4.05127
644   425.991    4.05531
645   426.482    4.05932
646   426.97    4.06331
647   427.457    4.06727
648   427.941    4.07121
649   428.424    4.07511
650   428.904    4.07899
651   429.382    4.08283
652   429.857    4.08664
653   430.33    4.09041
654   430.8    4.09415
655   431.268    4.09785
656   431.733    4.10151
657   432.194    4.10513
658   432.653    4.10871
659   433.109    4.11225
660   433.562    4.11575
661   434.011    4.1192
662   434.457    4.1226
663   434.899    4.12595
664   435.337    4.12926
665   435.772    4.13252
666   436.203    4.13572
667   436.63    4.13888
668   437.053    4.14198
669   437.471    4.14502
670   437.885    4.14801
671   438.295    4.15095
672   438.7    4.15383
673   439.1    4.15665
674   439.496    4.15941
675   439.886    4.16211
676   440.271    4.16475
677   440.651    4.16733
678   441.026    4.16984
679   441.395    4.1723
680   441.758    4.17469
681   442.116    4.17702
682   442.468    4.17928
683   442.813    4.18148
684   443.153    4.18361
685   443.486    4.18568
686   443.813    4.18768
687   444.133    4.18962
688   444.446    4.19149
689   444.753    4.19329
690   445.053    4.19503
691   445.346    4.1967
692   445.631    4.1983
693   445.909    4.19983
694   446.18    4.2013
695   446.444    4.2027
696   446.699    4.20404
697   446.947    4.2053
698   447.188    4.2065
699   447.42    4.20764
700   447.644    4.2087
701   447.86    4.2097
702   448.068    4.21064
703   448.267    4.21151
704   448.458    4.21231
705   448.641    4.21305
706   448.815    4.21373
707   448.98    4.21433
708   449.137    4.21488
709   449.284    4.21536
710   449.423    4.21578
711   449.553    4.21613
712   449.675    4.21642
713   449.787    4.21665
714   449.89    4.21681
715   449.983    4.21691
716   450.068    4.21696
717   450.144    4.21693
718   450.21    4.21685
719   450.267    4.21671
720   450.315    4.21651
