0.577839
0.577842
0.577843
0.577852
0.577858
0.577862
0.577861
0.577865
0.577876
0.577885
0.57789
0.577891
0.577897
0.57791
0.577921
0.577928
0.577931
0.577938
0.577953
0.577965
0.577975
0.57798
0.577989
0.578005
0.578023
0.578036
0.578045
0.578058
0.578076
0.578098
0.578117
0.578134
0.578152
0.578176
0.578203
0.578229
0.578253
0.57828
0.57831
0.578343
0.578376
0.578409
0.578444
0.578482
0.578522
0.578561
0.578603
0.578647
0.578694
0.578741
0.57879
0.57884
0.578895
0.578952
0.579009
0.579067
0.579128
0.579195
0.579264
0.579333
0.5794
0.579473
0.579551
0.579634
0.579713
0.579793
0.579875
0.579965
0.580059
0.58015
0.580239
0.580331
0.58043
0.580532
0.580634
0.580731
0.580832
0.580937
0.581047
0.581155
0.581262
0.581369
0.581481
0.581594
0.581708
0.581819
0.581933
0.582048
0.582164
0.582278
0.582391
0.582507
0.582622
0.582736
0.582847
0.582957
0.583068
0.58318
0.583286
0.583389
0.583492
0.583595
0.583696
0.583792
0.583882
0.583972
0.584065
0.584153
0.584234
0.584308
0.584383
0.584459
0.584534
0.584599
0.584655
0.58471
0.584768
0.584825
0.584873
0.584912
0.584946
0.584981
0.585014
0.585043
0.585064
0.58508
0.585092
0.5851
0.585104
0.585104
0.5851
0.585091
0.585072
0.585046
0.585015
0.584982
0.584942
0.584889
0.58484
0.58483
0.584844
0.584864
0.584876
0.584883
0.584887
0.584887
0.584877
0.584859
0.584839
0.58482
0.584803
0.584781
0.58475
0.584715
0.584681
0.58465
0.584618
0.584581
0.584539
0.584496
0.584454
0.584412
0.584366
0.584317
0.584268
0.584221
0.58417
0.584115
0.584062
0.584012
0.583961
0.583904
0.583845
0.583789
0.583737
0.583685
0.58363
0.583571
0.583509
0.583446
0.583384
0.583319
0.583251
0.583182
0.583109
0.583035
0.582959
0.582882
0.582803
0.582724
0.582641
0.582557
0.582472
0.582387
0.582301
0.582214
0.582125
0.582034
0.581945
0.581856
0.581766
0.581674
0.581582
0.581491
0.581401
0.581311
0.58122
0.581129
0.581039
0.580951
0.580863
0.580775
0.580688
0.580602
0.580518
0.580434
0.580351
0.58027
0.58019
0.580112
0.580035
0.57996
0.579885
0.579813
0.579742
0.579672
0.579605
0.57954
0.579475
0.579412
0.579352
0.579293
0.579235
0.57918
0.579126
0.579073
0.579022
0.578974
0.578926
0.57888
0.578836
0.578792
0.578751
0.578713
0.578674
0.578637
0.578603
0.578569
0.578536
0.578506
0.578477
0.578447
0.57842
0.578396
0.57837
0.578345
0.578323
0.578302
0.578281
0.578262
0.578245
0.578227
0.578209
0.578194
0.578178
0.578164
0.578151
0.578136
0.578125
0.578113
0.578102
0.578092
0.578083
0.578073
0.578065
0.578057
0.578049
0.578042
0.578036
0.578029
0.578023
0.578018
0.578012
0.578007
0.578003
0.577998
0.577994
0.577991
0.577987
0.577984
0.57798
0.577977
0.577974
0.577972
0.577968
0.577966
0.577964
0.577962
0.57796
0.577959
0.577957
0.577956
0.577955
0.577952
0.57795
0.577948
0.577946
0.577946
0.577945
0.577943
0.577943
0.577942
0.57794
0.577939
0.577935
0.577933
0.577931
0.57793
0.57793
0.57793
0.577929
0.577929
0.577926
0.577924
0.577922
0.577919
0.577919
0.57792
0.577919
0.57792
0.577921
0.577918
0.577914
0.57791
0.577905
0.577903
0.577902
0.577903
0.577906
0.577906
0.577907
0.577907
0.577903
0.577899
0.577895
0.577889
0.577885
0.577883
0.577881
0.577883
0.577885
0.577887
0.57789
0.577889
0.577887
0.577885
0.57788
0.577877
0.577873
0.577868
0.577867
0.577864
0.577864
0.577868
0.577868
0.577871
0.577873
0.57787
0.577869
0.577866
0.577861
0.577859
0.577853
0.57785
0.577849
0.577845
0.577846
0.577848
0.577847
0.57785
0.57785
0.57785
0.577851
0.577848
0.577847
0.577846
0.577841
0.57784
0.577837
0.577834
0.577834
0.577831
0.57783
0.577831
0.57783
0.577831
0.577832
0.577831
0.577832
0.577831
0.577828
0.577828
0.577824
0.577822
0.57782
0.577815
0.577814
0.577812
0.577809
0.577811
0.577809
0.577807
0.577807
0.577804
0.577805
0.577807
0.577805
0.577806
0.577802
0.577798
0.577799
0.577796
0.577796
0.577795
0.577788
0.577787
0.577783
0.57778
0.577783
0.57778
0.577777
0.577776
0.577768
0.57777
0.577769
0.577768
0.57777
0.577763
0.577758
0.577757
0.577752
0.577755
0.577751
0.577744
0.577741
0.577731
0.577729
0.57773
0.577724
0.577722
0.577714
0.577705
0.577704
0.577698
0.577697
0.577695
0.577683
0.577678
0.577671
0.577665
0.577666
0.577657
0.577649
0.57764
0.577626
0.577622
0.577615
0.577605
0.577597
0.57758
0.577567
0.577558
0.577545
0.577537
0.577522
0.577502
0.577489
0.577471
0.577457
0.577445
0.577423
0.577407
0.577386
0.577365
0.577352
0.57733
0.577312
0.577293
0.577269
0.577254
0.577236
0.577218
0.577206
0.577187
0.577176
0.577166
0.577154
0.577152
0.577145
0.577143
0.577149
0.577148
0.57716
0.57717
0.577178
0.577199
0.577212
0.577231
0.577253
0.577266
0.577289
0.577307
0.577324
0.577347
0.577361
0.577379
0.577396
0.577408
0.577427
0.577439
0.577454
0.57747
0.577478
0.577493
0.577502
0.57751
0.577525
0.577532
0.577544
0.577554
0.577558
0.577568
0.577572
0.57758
0.577592
0.577595
0.577603
0.577607
0.577609
0.577619
0.577623
0.577631
0.577637
0.577638
0.577642
0.577644
0.57765
0.577658
0.577661
0.577666
0.577667
