22.1557
22.1557
22.1557
22.1557
22.1557
22.1557
22.1557
22.1557
22.1557
22.1557
22.1557
22.1557
22.1557
22.1557
22.1557
22.1557
22.1557
22.1557
22.1557
22.1557
22.1557
22.1557
22.1557
22.1557
22.1557
22.1557
22.1557
22.1557
22.1557
22.1557
22.1557
22.1557
22.1557
22.1557
22.1557
22.1557
22.1557
22.1557
22.1557
22.1557
22.1557
22.1557
22.1557
22.1557
22.1557
22.1557
22.1557
22.1557
22.1557
22.1557
22.1557
22.1557
22.1557
22.1557
22.1557
22.1557
22.1557
22.1557
22.1557
22.1557
22.1557
22.1557
22.1557
22.1557
22.1557
22.1557
22.1557
22.1557
22.1557
22.1557
22.1557
22.1557
22.1557
22.1557
22.1557
22.1557
22.1557
22.1557
22.1557
22.1557
22.1557
22.1557
22.1557
22.1557
22.1557
22.1557
22.1557
22.1557
22.1557
22.1557
22.1557
22.1557
22.1557
22.1557
22.1557
22.1557
22.1557
22.1557
22.1557
22.1557
22.1557
22.1557
22.1557
22.1557
22.1557
22.1557
22.1557
22.1557
22.1557
22.1557
22.1557
22.1557
22.1557
22.1557
22.1557
22.1557
22.1557
22.1557
22.1557
22.1557
22.1557
22.1557
22.1557
22.1557
22.1557
22.1557
22.1557
22.1557
22.1557
22.1557
22.1557
22.1557
22.1557
22.1557
22.1557
22.1557
22.1557
22.1557
22.1557
22.1557
22.1557
22.1557
22.1557
22.1557
22.1557
22.1557
22.1557
22.1557
22.1557
22.1557
22.1557
22.1557
22.1557
22.1557
22.1557
22.1557
22.1557
22.1557
22.1557
22.1557
22.1557
22.1557
22.1557
22.1557
22.1557
22.1557
22.1557
22.1557
22.1556
22.1556
22.1556
22.1556
22.1556
22.1556
22.1556
22.1556
22.1555
22.1555
22.1555
22.1555
22.1555
22.1555
22.1555
22.1555
22.1554
22.1554
22.1554
22.1554
22.1554
22.1553
22.1553
22.1553
22.1552
22.1552
22.1551
22.1551
22.155
22.1549
22.1548
22.1546
22.1545
22.1542
22.154
22.1537
22.1533
22.1529
22.1524
22.1517
22.151
22.1501
22.149
22.1478
22.1463
22.1446
22.1426
22.1403
22.1376
22.1344
22.1307
22.1265
22.1216
22.1161
22.1098
22.1026
22.0944
22.0851
22.0746
22.0628
22.0496
22.0348
22.0183
21.9999
21.9795
21.957
21.9321
21.9047
21.8746
21.8418
21.806
21.767
21.7247
21.6789
21.6294
21.5762
21.5191
21.458
21.3928
21.3232
21.2493
21.171
21.0882
21.0009
20.9092
20.8129
20.7121
20.6068
20.4972
20.3832
20.2651
20.143
20.0171
19.8873
19.7541
19.6175
19.4778
19.3353
19.1903
19.043
18.8936
18.7425
18.5899
18.4362
18.2817
18.1268
17.9716
17.8165
17.6618
17.5077
17.3547
17.2029
17.0526
16.9041
16.7576
16.6133
16.4715
16.3323
16.196
16.0627
15.9326
15.8057
15.6821
15.5621
15.4456
15.3328
15.2236
15.1181
15.0163
14.9183
14.824
14.7334
14.6465
14.5633
14.4835
14.4073
14.3346
14.2653
14.1993
14.1365
14.0768
14.0201
13.9664
13.9155
13.8674
13.822
13.779
13.7385
13.7003
13.6644
13.6306
13.5988
13.569
13.541
13.5147
13.4901
13.4671
13.4456
13.4255
13.4067
13.3891
13.3728
13.3575
13.3433
13.3301
13.3178
13.3063
13.2957
13.2858
13.2766
13.2681
13.2602
13.2529
13.2461
13.2398
13.234
13.2286
13.2236
13.219
13.2147
13.2108
13.2072
13.2038
13.2007
13.1978
13.1952
13.1928
13.1905
13.1885
13.1866
13.1848
13.1832
13.1817
13.1803
13.1791
13.1779
13.1768
13.1758
13.1749
13.174
13.1733
13.1725
13.1718
13.1712
13.1706
13.1701
13.1696
13.1691
13.1687
13.1683
13.1679
13.1676
13.1673
13.167
13.1668
13.1665
13.1663
13.1661
13.1659
13.1657
13.1656
13.1654
13.1653
13.1652
13.1651
13.1651
13.165
13.165
13.1649
13.1649
13.1648
13.1648
13.1647
13.1647
13.1647
13.1646
13.1646
13.1646
13.1645
13.1645
13.1645
13.1644
13.1644
13.1644
13.1643
13.1643
13.1643
13.1642
13.1642
13.1642
13.1641
13.1641
13.164
13.164
13.164
13.1639
13.1639
13.1639
13.1638
13.1638
13.1638
13.1637
13.1637
13.1637
13.1637
13.1637
13.1637
13.1637
13.1637
13.1636
13.1636
13.1636
13.1636
13.1636
13.1636
13.1636
13.1636
13.1636
13.1636
13.1636
13.1636
13.1636
13.1636
13.1636
13.1636
13.1635
13.1635
13.1635
13.1635
13.1635
13.1635
13.1635
13.1635
13.1635
13.1635
13.1635
13.1635
13.1635
13.1635
13.1635
13.1635
13.1634
13.1634
13.1634
13.1634
13.1633
13.1633
13.1633
13.1632
13.1631
13.1631
13.163
13.1629
13.1628
13.1627
13.1626
13.1625
13.1623
13.1622
13.162
13.1618
13.1616
13.1614
13.1612
13.1609
13.1607
13.1604
13.1601
13.1598
13.1595
13.1591
13.1588
13.1584
13.158
13.1576
13.1571
13.1567
13.1562
13.1557
13.1552
13.1547
13.1541
13.1535
13.153
13.1523
13.1517
13.1511
13.1504
13.1497
13.149
13.1482
13.1475
13.1467
13.1459
13.145
13.1442
13.1433
13.1423
13.1414
13.1404
13.1394
13.1383
13.1372
13.136
13.1349
13.1336
13.1324
13.1311
13.1297
13.1284
13.1269
13.1255
13.124
13.1224
13.1208
13.1192
13.1175
13.1158
13.1141
13.1123
13.1105
13.1087
13.1068
13.1049
13.103
13.101
13.0991
13.0971
13.095
13.093
13.091
13.0889
13.0868
13.0848
13.0827
13.0806
13.0785
13.0764
13.0743
13.0722
13.0701
13.068
13.0659
13.0639
13.0618
13.0598
13.0577
13.0557
13.0537
13.0517
13.0498
13.0478
13.0459
13.044
13.0421
13.0402
13.0383
13.0365
13.0347
13.0329
13.0312
13.0295
13.0278
13.0262
13.0245
13.023
13.0214
13.0199
13.0185
13.017
13.0157
13.0143
13.0131
13.0118
13.0106
13.0095
13.0084
13.0073
13.0063
13.0053
13.0044
13.0035
13.0027
13.0018
13.001
13.0003
12.9995
12.9988
12.998
12.9973
12.9966
12.9959
12.9952
12.9944
12.9937
12.9929
12.9922
12.9914
12.9905
12.9897
12.9889
12.988
12.9871
12.9862
12.9853
12.9844
12.9835
12.9825
12.9816
12.9807
12.9798
12.9789
12.9781
12.9773
12.9765
12.9757
12.975
12.9744
12.9738
12.9732
12.9727
12.9723
12.9719
12.9716
12.9713
12.9711
12.9709
12.9707
12.9706
12.9705
12.9704
12.9704
12.9704
12.9703
12.9703
12.9703
12.9702
12.9701
12.97
12.9699
12.9697
12.9694
12.9691
12.9688
12.9683
12.9679
12.9673
12.9667
12.966
12.9652
12.9644
12.9635
12.9626
12.9616
12.9605
12.9594
12.9582
12.957
12.9557
12.9544
12.9531
12.9517
12.9503
12.9489
12.9475
12.9461
12.9447
12.9432
12.9418
12.9404
12.939
12.9377
12.9363
12.935
12.9337
12.9324
12.9312
12.9299
12.9287
12.9276
12.9264
12.9253
12.9242
12.9231
12.922
12.9209
12.9198
12.9188
12.9177
12.9166
12.9156
12.9145
12.9135
12.9124
12.9113
12.9103
12.9092
12.9082
12.9071
12.906
12.9048
12.9037
12.9025
12.9012
12.8999
12.8986
12.8972
12.8958
12.8944
12.893
12.8916
12.8902
12.8888
12.8873
12.8859
12.8845
12.8831
12.8816
12.8802
12.8788
12.8774
12.876
12.8746
12.8732
12.8718
12.8704
12.869
12.8676
12.8662
12.8648
12.8634
12.862
12.8606
12.8593
12.8579
12.8566
12.8554
12.8541
12.8529
12.8517
12.8506
12.8495
12.8484
12.8474
12.8464
12.8454
12.8445
12.8436
12.8427
12.8418
12.841
12.8401
12.8393
12.8385
12.8377
12.8369
12.8362
12.8354
12.8346
12.8338
12.833
12.8322
12.8315
12.8307
12.8299
12.8292
12.8284
12.8276
12.8269
12.8261
12.8254
12.8247
12.824
12.8233
12.8227
12.822
12.8214
12.8207
12.8201
12.8195
12.819
12.8184
12.8178
12.8172
12.8166
12.816
12.8154
12.8148
12.8142
12.8135
12.8128
12.8121
12.8114
12.8107
12.8099
12.8092
12.8084
12.8076
12.8069
12.8061
12.8054
12.8047
12.804
12.8034
12.8028
12.8023
12.8018
12.8014
12.8011
12.8008
12.8005
12.8003
12.8002
12.8
12.7999
12.7999
12.7998
12.7997
12.7996
12.7994
12.7992
12.7989
12.7986
12.7982
12.7977
12.7971
12.7964
12.7956
12.7947
12.7937
12.7926
12.7915
12.7902
12.7889
12.7876
12.7861
12.7847
12.7832
12.7818
12.7803
12.7788
12.7773
12.7758
12.7744
12.7729
12.7715
12.7701
12.7687
12.7672
12.7657
12.7642
12.7627
12.761
12.7592
12.7573
12.7553
12.7531
12.7507
12.7481
12.7452
12.7421
12.7386
12.7349
12.7309
12.7265
12.7218
12.7168
12.7114
12.7057
12.6996
12.6932
12.6865
12.6795
12.6722
12.6646
12.6567
12.6486
12.6403
12.6317
12.623
12.6141
12.605
12.5957
12.5863
12.5768
12.5671
12.5572
12.5472
12.537
12.5266
12.5161
12.5053
12.4943
12.483
12.4714
12.4595
12.4472
12.4345
12.4215
12.408
12.3941
12.3796
12.3647
12.3492
12.3332
12.3166
12.2994
12.2817
12.2633
12.2444
12.2249
12.2049
12.1842
12.1631
12.1414
12.1192
12.0966
12.0735
12.0499
12.026
12.0016
11.9768
11.9517
11.9263
11.9006
11.8746
11.8483
11.8218
11.7951
11.7682
11.7412
11.7141
11.6869
11.6596
11.6321
11.6046
11.577
11.5493
11.5216
11.4937
11.4658
11.4378
11.4098
11.3816
11.3534
11.3251
11.2968
11.2683
11.2398
11.2111
11.1823
11.1533
11.1242
11.0951
11.0658
11.0363
11.0068
10.9771
10.9473
10.9174
10.8874
10.8572
10.8269
10.7965
10.766
10.7355
10.7048
10.6741
10.6433
10.6124
10.5816
10.5507
